 0.333300  0.333300  0.333300  0.333300  0.333300  0.333300 0.336156 
 0.333300  0.333300  0.333300  0.333300  0.333300  0.333300 0.336156 
 0.333300  0.333300  0.333300  0.333300  0.333300  0.333300 0.336156 
 0.333300  0.333300  0.333300  0.333300  0.333300  0.333300 0.336156 
 0.333342  0.333342  0.333342  0.333342  0.333342  0.333342 0.336156 
 0.333300  0.333300  0.333300  0.333300  0.333300  0.333300 0.336156 
 0.000000  0.000000  0.000000  0.000000  0.333300  0.333300 0.336156 
 0.333300  0.333300  0.333300  0.333300  0.333300  0.333300 0.336156 
 0.333300  0.333300  0.333300  0.333300  0.333300  0.333300 0.336156 
 0.333300  0.333300  0.333300  0.333300  0.333300  0.333300 0.336156 
 0.333300  0.333300  0.333300  0.333300  0.333342  0.333342 0.336156 
 0.333342  0.333342  0.333342  0.333342  0.333300  0.333300 0.336156 
 0.333300  0.333300  0.333300  0.333300  0.000000  0.000000 0.336156 
 0.000000  0.000000  0.000000  0.000000  0.000000  0.000000 0.336156 
 0.336154  0.336154  0.336154  0.336154  0.336154  0.336154 0.336156 
 0.336156  0.336156  0.336156  0.336156  0.336156  0.336156 0.336156 
 0.000000  0.000000  0.000000  0.000000  0.000000  0.000000 0.336156 
 0.000000  0.000000  0.000000  0.000000  0.000000  0.000000 0.336156 
 0.000000  0.000000  0.000000  0.000000  0.000000  0.000000 0.336156 
 0.000000  0.000000  0.000000  0.000000  0.000000  0.000000 0.336156 
 0.000000  0.000000  0.000000  0.000000  0.000000  0.000000 0.336156 
 0.000000  0.000000  0.000000  0.000000  0.000000  0.000000 0.336156 
 36.736954  36.736954  33.857910  36.721924  0.000000  0.000000 0.336156 
 0.000000  nan  nan  0.000000  0.000000  nan 0.336156 
 0.000000  0.000000  0.000000  0.000000  0.000000  0.000000 0.336156 
 0.000000  0.000000  0.000000  0.000000  0.000000  0.000000 0.336156 
 0.993671  0.994240  0.993334  0.993353  0.994485  0.993996 0.336156 
 0.993935  0.993866  0.994012  0.994577  0.994226  0.995154 0.336156 
 0.994484  0.993486  0.993579  0.993432  0.994119  0.994081 0.336156 
 0.993672  0.993478  0.994398  0.994131  0.994553  0.993871 0.336156 
